0.0000 -1.5000 0.0000
0.0000 -1.0607 -1.0607
0.0000 -0.0000 -1.5000
0.0000 1.0607 -1.0607
0.0000 1.5000 -0.0000
0.0000 1.0607 1.0607
0.0000 0.0000 1.5000
0.0000 -1.0607 1.0607

1.0000 3.0000 2.0000
0.7071 3.3536 1.3876
0.0000 3.5000 1.1340
-0.7071 3.3536 1.3876
-1.0000 3.0000 2.0000
-0.7071 2.6464 2.6124
-0.0000 2.5000 2.8660
0.7071 2.6464 2.6124

-1.0000 -3.0000 -2.0000
-0.7071 -3.3536 -2.6124
-0.0000 -3.5000 -2.8660
0.7071 -3.3536 -2.6124
1.0000 -3.0000 -2.0000
0.7071 -2.6464 -1.3876
0.0000 -2.5000 -1.1340
-0.7071 -2.6464 -1.3876

0.0000 4.0000 -2.0000
-0.6124 3.7071 -2.3536
-0.8660 3.0000 -2.5000
-0.6124 2.2929 -2.3536
-0.0000 2.0000 -2.0000
0.6124 2.2929 -1.6464
0.8660 3.0000 -1.5000
0.6124 3.7071 -1.6464

0.0000 -4.0000 2.0000
0.6124 -3.7071 1.6464
0.8660 -3.0000 1.5000
0.6124 -2.2929 1.6464
0.0000 -2.0000 2.0000
-0.6124 -2.2929 2.3536
-0.8660 -3.0000 2.5000
-0.6124 -3.7071 2.3536

